17.5409797444,78.2558712791
17.5409717886,78.3029776726
17.5409527031,78.3500840592
17.5409224879,78.397190433
17.540881143,78.4442967881
17.5408286685,78.4914031189
17.5407650644,78.5385094195
17.5406903307,78.5856156841
 
17.4960637202,78.255869073
17.4960557857,78.3029638115
17.4960367518,78.350058543
17.4960066186,78.3971532617
17.495965386,78.444247962
17.4959130541,78.491342638
17.495849623,78.5384372841
17.4957750927,78.5855318944
 
17.4511476961,78.2558668738
17.4511397828,78.3029499919
17.4511208005,78.350033103
17.4510907491,78.3971162015
17.4510496288,78.4441992816
17.4509974395,78.4912823375
17.4509341814,78.5383653637
17.4508598543,78.5854483543
 
17.4062316719,78.2558646815
17.4062237798,78.3029362138
17.4062048491,78.3500077393
17.4061748796,78.3970792521
17.4061338715,78.4441507466
17.4060818247,78.4912222172
17.4060187394,78.5382936581
17.4059446155,78.5853650637
 
17.3613156478,78.2558624961
17.3613077769,78.3029224773
17.3612888977,78.3499824516
17.36125901,78.3970424134
17.361218114,78.444102357
17.3611662097,78.4911622768
17.3611032972,78.5382221671
17.3610293764,78.5852820222
 
17.3163996236,78.2558603175
17.3163917739,78.3029087821
17.3163729462,78.3499572399
17.3163431404,78.3970056852
17.3163023565,78.4440541125
17.3162505945,78.491102516
17.3161878546,78.5381508903
17.3161141368,78.5851992296
 
